[Indischer_Maler_um_1080_001.jpg]
filters=sat=1,0.161800;
moddate=85b5d34a5e1cd101
width=2048
height=669
textactive=0
[header.jpg]
filters=crop64=1,3a00000f4ffffff;dir_tint=1,0.479884,0.118280,0.181287,0.918129,ffffffff,0;dir_tint=1,0.502330,0.190860,0.134503,0.701754,ffffffff,0;
crop=rect64(3a00000f4ffffff)
moddate=26f7acc2631cd101
width=2048
height=669
textactive=0
